1.0920377947
1.17264442407
1.18789943386
1.15488344952
1.13616554164
1.15715019353
1.16791757906
1.17704130018
1.21551713363
1.18428099808
1.23172948863
1.22831683939
1.24021984683
1.20201346141
1.18835405226
1.1649664738
1.21474470478
1.28762797123
1.2507659294
1.23105709865
1.27481755801
1.22405601104
1.28199407891
1.38385442795
1.29874930038
1.30977887689
1.32743319579
1.30795551331
1.36794095677
1.29055332953
1.30540070117
1.23876325002
1.24466486149
1.28434108878
1.23835693239
1.28102482914
1.28564724015
1.27267306295
1.25664575894
1.25717596814
1.24654597041
1.23019839229
1.27531120025
1.28574225124
1.24536498603
1.28397713833
1.28786272697
1.20491498873
1.26016661033
1.19718927012
1.20413627403
1.21155504044
1.18651194316
1.19657000561
1.19943448774
1.23374902568
1.18815526512
1.19585924547
1.23004829909
1.24010991349
1.17916302702
1.23416920134
1.22983180032
1.24392458722
1.24582032692
1.27258875826
1.19134691528
1.18084968712
1.207610194
1.19079566534
1.20012704647
1.18928083239
1.19033342269
1.21622601462
1.22037082108
1.27594172112
1.22957053985
1.22065426665
1.24398813827
1.19944226162
1.18047290482
1.21730059245
1.19592618283
1.20873858828
1.21390151794
1.22486080146
1.20536725032
1.34376879437
1.24674129834
1.23161805075
1.23923552264
1.20706974684
1.23812772963
1.18340835416
1.22257264068
1.26452293032
1.28760325095
1.34155851425
1.35545515666
1.38362060962
